-1.000000 0.239439 0.062850
-1.000000 -0.220821 0.310622
-1.000000 -0.037986 0.528407
-1.000000 -0.158463 0.070768
-1.000000 -0.248761 -0.459246
-1.000000 0.123490 -0.121701
-1.000000 0.103610 -0.102784
-1.000000 -0.546548 -0.501457
-1.000000 -0.456297 -0.298666
-1.000000 -0.486111 -0.535794
-1.000000 -0.607855 -0.343568
1.000000 -0.368353 0.367956
-1.000000 0.056106 -0.747059
-1.000000 -0.342630 -0.288922
-1.000000 -0.093736 0.296651
1.000000 -0.701248 0.671896
-1.000000 -0.266779 -0.047088
-1.000000 -0.496774 0.407766
-1.000000 -0.750156 -0.849178
-1.000000 -0.442876 0.769151
-1.000000 -0.378818 -0.146689
1.000000 -0.741034 0.813921
-1.000000 0.024261 -0.022464
-1.000000 -0.220900 -0.179427
1.000000 -0.693974 0.963454
-1.000000 -0.634468 -0.520659
-1.000000 -0.629038 0.012047
-1.000000 -0.529217 -0.441176
-1.000000 -0.407773 -0.305448
-1.000000 -0.196536 -0.390622
1.000000 -0.327605 0.932469
-1.000000 -0.302235 0.378311
-1.000000 -0.500755 -0.153686
-1.000000 -0.299884 -0.474088
-1.000000 -0.535403 0.488412
-1.000000 -0.367859 -0.234633
-1.000000 -0.080890 -0.274486
-1.000000 -0.425879 -0.284310
-1.000000 -0.120896 0.446917
-1.000000 -0.585123 -0.034424
-1.000000 -0.751793 -0.374161
-1.000000 -0.566039 -0.137445
-1.000000 -0.544520 0.013131
-1.000000 -0.452921 -0.372760
-1.000000 -0.366774 -0.444838
-1.000000 -0.509397 -0.233577
-1.000000 -0.093114 0.336611
-1.000000 -0.311859 0.495413
-1.000000 -0.195463 -0.056175
1.000000 -0.727520 0.957158
-1.000000 0.147409 -0.834555
-1.000000 -0.212580 -0.108703
-1.000000 -0.352052 0.036776
-1.000000 -0.118442 0.281187
-1.000000 -0.384478 -0.298691
-1.000000 -0.567621 -0.003449
-1.000000 -0.031337 -0.283910
-1.000000 -0.260629 -0.148991
-1.000000 -0.133132 -0.160842
-1.000000 -0.310825 0.315796
-1.000000 -0.023687 0.566037
-1.000000 -0.592813 0.128502
1.000000 -0.891258 0.555637
-1.000000 -0.374354 0.607843
1.000000 -0.686330 0.800867
-1.000000 -0.362036 -0.661436
-1.000000 -0.449953 -0.349053
-1.000000 -0.450397 -0.363525
-1.000000 0.040829 0.254284
-1.000000 0.293160 0.000385
-1.000000 -0.646894 -0.119501
1.000000 -0.746442 0.816162
1.000000 -0.691959 0.932937
-1.000000 -0.531593 -0.330793
1.000000 -0.577416 0.663957
-1.000000 -0.385828 0.069235
-1.000000 -0.243820 -0.180062
-1.000000 0.164716 -0.140328
-1.000000 -0.602014 -0.269761
-1.000000 -0.517624 -0.115331
-1.000000 -0.388957 -0.083536
-1.000000 -0.240876 -0.152122
-1.000000 -0.322619 -0.433232
-1.000000 -0.618144 -0.370467
1.000000 -0.643981 0.716866
-1.000000 -0.467674 -0.632231
-1.000000 -0.453598 0.392940
-1.000000 -0.416466 -0.271219
1.000000 -0.854817 0.488238
-1.000000 -0.585273 0.415412
-1.000000 -0.289668 -0.373780
-1.000000 -0.335560 -0.247358
1.000000 -0.773934 0.943182
-1.000000 -0.605111 -0.191951
1.000000 -0.790886 0.871306
1.000000 -0.721357 0.911160
-1.000000 -0.586821 -0.215518
-1.000000 -0.546766 0.220142
-1.000000 -0.127309 -0.003846
1.000000 -0.617534 0.862367
-1.000000 -0.098031 0.473363
-1.000000 -0.691118 -0.723086
-1.000000 -0.689500 -0.226588
-1.000000 -0.005409 -0.196109
-1.000000 -0.308872 0.579155
-1.000000 -0.071890 0.471417
-1.000000 -0.033324 0.108571
1.000000 -0.739409 0.996518
-1.000000 -0.713758 -0.066319
1.000000 -0.532554 0.908843
-1.000000 -0.655038 -0.176473
-1.000000 -0.485198 -0.223296
-1.000000 -0.179299 -0.159879
-1.000000 -0.026266 0.510421
-1.000000 -0.739617 -0.208696
-1.000000 0.231868 -0.124582
-1.000000 -0.118920 -0.100471
1.000000 -0.638150 0.954315
1.000000 -0.459343 0.770468
-1.000000 -0.474193 0.549821
-1.000000 -0.275047 0.390738
-1.000000 0.054257 0.664198
-1.000000 -0.195487 0.534289
-1.000000 -0.797170 -0.261178
-1.000000 -0.605816 -0.280647
-1.000000 -0.504289 0.404149
-1.000000 -0.435964 0.431381
-1.000000 -0.307799 0.564392
-1.000000 -0.506699 0.042925
-1.000000 -0.009151 0.124483
-1.000000 -0.341525 -0.348444
1.000000 -0.734421 0.986136
-1.000000 -0.539970 -0.415421
-1.000000 -0.261923 0.446575
-1.000000 -0.435019 -0.161164
-1.000000 0.166347 0.271166
-1.000000 -0.142038 -0.318922
-1.000000 -0.269225 -0.084412
-1.000000 -0.407710 -0.304288
-1.000000 -0.495541 0.196630
-1.000000 -0.264925 -0.260619
-1.000000 -0.432870 -0.209742
-1.000000 0.006857 -0.342764
-1.000000 -0.251365 -0.152720
1.000000 -0.565242 0.207492
-1.000000 -0.138126 0.495426
-1.000000 0.298254 0.060371
-1.000000 -0.819085 -0.526711
-1.000000 0.206528 0.719311
1.000000 -0.717958 0.885649
-1.000000 -0.792793 -0.249877
1.000000 -0.490944 0.532890
-1.000000 -0.155642 -0.205662
-1.000000 -0.076181 0.416953
-1.000000 -0.596060 -0.184734
-1.000000 -0.602609 -0.613991
1.000000 -0.423640 0.843098
-1.000000 -0.344059 -0.378795
-1.000000 0.078764 0.340059
1.000000 -0.553711 0.838125
-1.000000 0.543603 0.249678
-1.000000 -0.319211 -0.131939
1.000000 -0.822668 0.899057
-1.000000 -0.599538 0.122977
-1.000000 -0.348677 -0.170167
-1.000000 -0.005858 -0.015714
-1.000000 -0.414124 -0.252083
-1.000000 -0.070911 -0.210000
-1.000000 0.093827 0.358635
-1.000000 -0.182153 -0.268466
-1.000000 -0.501968 -0.575507
-1.000000 -0.567632 -0.316356
-1.000000 -0.543132 -0.590530
-1.000000 -0.225747 -0.388556
1.000000 -0.640825 0.880390
-1.000000 -0.262181 -0.304595
-1.000000 0.130816 -0.071701
1.000000 -0.741983 0.845689
-1.000000 0.148270 0.432170
1.000000 -0.609669 0.806305
-1.000000 -0.217481 -0.089778
-1.000000 0.036085 -0.287721
-1.000000 -0.359684 -0.388553
-1.000000 -0.378111 0.254156
-1.000000 0.189404 0.049926
-1.000000 -0.569480 -0.371554
-1.000000 0.577295 0.510391
-1.000000 -0.424725 0.124674
-1.000000 0.027316 -0.005294
-1.000000 -0.362675 -0.428361
1.000000 -0.677056 0.929245
1.000000 -0.543793 0.516432
-1.000000 0.577458 0.699143
-1.000000 -0.045862 -0.300386
-1.000000 -0.637400 -0.180055
-1.000000 -0.050059 -0.028259
1.000000 -0.771777 0.941120
-1.000000 -0.555572 -0.488804
-1.000000 -0.422658 -0.068662
-1.000000 -0.679254 -0.101437
1.000000 -0.682186 0.930785
-1.000000 -0.096357 0.186825
1.000000 -0.569382 0.860345
-1.000000 -0.528741 -0.145018
-1.000000 -0.282275 0.127906
-1.000000 -0.586387 -0.003471
-1.000000 -0.768987 -0.483147
-1.000000 -0.352887 -0.185326
-1.000000 -0.383442 -0.052083
-1.000000 -0.538365 -0.297653
-1.000000 0.056451 -0.033490
-1.000000 -0.135528 0.001884
-1.000000 -0.448242 0.775624
-1.000000 0.299270 0.109130
1.000000 -0.665607 0.997663
-1.000000 -0.306258 -0.172253
-1.000000 -0.237137 -0.023923
-1.000000 -0.467166 -0.147798
-1.000000 -0.228403 0.241164
-1.000000 -0.416641 -0.341571
-1.000000 -0.490167 -0.475517
-1.000000 0.004025 -0.309821
1.000000 -0.809557 0.574623
-1.000000 -0.157150 -0.037060
-1.000000 -0.218220 0.287556
1.000000 -0.764305 0.880568
-1.000000 -0.412505 -0.289643
-1.000000 -0.693318 -0.368082
-1.000000 -0.414077 0.019560
1.000000 -0.785890 0.907699
-1.000000 -0.365302 -0.630228
-1.000000 -0.388486 -0.149440
-1.000000 -0.043872 -0.101670
-1.000000 -0.094073 0.223767
-1.000000 -0.548655 -0.151982
-1.000000 -0.423161 0.064540
-1.000000 -0.178028 0.180902
-1.000000 -0.573769 -0.252205
-1.000000 0.020416 0.113650
1.000000 -0.316520 0.684966
-1.000000 -0.182050 -0.301869
-1.000000 -0.065701 0.433597
-1.000000 -0.105593 0.539091
1.000000 -0.499047 0.564610
-1.000000 0.056759 -0.621855
-1.000000 -0.393528 0.146782
-1.000000 -0.017877 -0.225905
-1.000000 -0.390223 -0.089785
1.000000 -0.710754 0.602931
-1.000000 -0.380037 -0.146942
-1.000000 -0.708667 -0.068054
-1.000000 -0.045412 0.502989
-1.000000 -0.047753 -0.432131
-1.000000 -0.262481 0.118049
-1.000000 -0.370064 0.220989
-1.000000 -0.539333 -0.308149
-1.000000 -0.553133 0.019302
-1.000000 -0.280952 -0.281023
-1.000000 -0.321622 -0.376088
-1.000000 -0.425805 -0.714089
-1.000000 -0.193590 -0.127714
-1.000000 -0.541561 0.006598
-1.000000 -0.458637 -0.534102
-1.000000 -0.112208 -0.285865
-1.000000 -0.451050 -0.303662
-1.000000 -0.617098 -0.294459
-1.000000 -0.368666 0.451561
-1.000000 -0.216243 -0.062526
-1.000000 -0.469555 -0.449995
1.000000 -0.724364 0.884378
-1.000000 -0.803562 -0.210147
1.000000 -0.753608 0.774261
-1.000000 -0.116051 -0.533903
-1.000000 -0.326474 -0.530442
-1.000000 -0.582492 -0.195836
-1.000000 -0.319371 0.490217
-1.000000 -0.675546 -0.389867
-1.000000 0.094647 0.120583
-1.000000 -0.178957 -0.350631
-1.000000 -0.493310 -0.445858
-1.000000 -0.705327 -0.045364
1.000000 -0.643121 0.925941
-1.000000 -0.312757 -0.087209
-1.000000 -0.146383 -0.070988
-1.000000 -0.062015 0.457205
-1.000000 -0.327087 -0.432519
-1.000000 -0.371069 0.259336
-1.000000 -0.234399 -0.330424
-1.000000 -0.396308 -0.626027
-1.000000 -0.554348 -0.382896
-1.000000 -0.034395 0.302021
-1.000000 0.623226 0.103646
-1.000000 -0.581785 0.120358
-1.000000 -0.206567 0.141475
1.000000 -0.682937 0.946013
-1.000000 -0.408178 0.086233
-1.000000 -0.456394 0.367777
-1.000000 -0.177884 -0.321066
-1.000000 -0.437704 0.288765
-1.000000 -0.377287 -0.222979
